Language	Alpha	Sigma	Xmin	vsExp.R	vsExp.P	vsLN.R	vsLN.P	vsTPL.R	vsTPL.P
Mennonite Plautdietsch	2.194	0.267	8	0.244	0.807	-0.766	0.444	-0.878	0.217
Yine	4.018	1.141	44	-0.012	0.991	-0.257	0.797	-0.328	0.699
Czech	2.176	0.231	7	0.351	0.725	-0.868	0.386	-1.007	0.167
Indonesian	2.692	0.469	25	0.906	0.365	-0.231	0.817	-0.431	0.639
Tukang Besi	2.818	0.469	22	1.750	0.080	-1.027	0.304	-0.152	0.883
Cypriot Greek	3.207	0.736	33	0.049	0.961	-0.343	0.731	-0.437	0.589
German	2.002	0.189	6	0.327	0.744	-0.843	0.399	-1.114	0.093
Chistabino (Pyrenean Aragonese)	2.417	0.379	25	0.629	0.530	-0.405	0.685	0.198	0.559
Persian (Farsi)	1.842	0.168	6	-0.726	0.468	-1.202	0.229	-1.873	0.014
Arabic	2.421	0.380	14	0.351	0.726	-0.489	0.625	-0.153	0.628
Bardi	2.495	0.451	26	0.514	0.607	-0.212	0.832	-0.429	0.558
Goizueta Basque	2.766	0.510	18	0.580	0.562	-0.179	0.858	-0.362	0.643
Béarnais (Gascon)	2.713	0.458	15	0.939	0.348	-0.152	0.879	-0.299	0.765
Mono Lake Northern Paiute	2.128	0.235	4	-0.083	0.934	-0.919	0.358	-1.167	0.109
Munji	2.290	0.323	12	0.299	0.765	-0.560	0.576	-0.759	0.311
Japanese	1.869	0.190	6	-0.075	0.940	-1.136	0.256	-1.354	0.063
Spokane	3.633	0.931	13	0.488	0.626	-0.112	0.911	-0.210	0.826
Nen	3.053	0.570	25	0.544	0.587	-0.133	0.894	-0.324	0.673
Flemish-Brabant dialect of Orsmaal-Gussenhoven	1.932	0.194	6	-0.023	0.982	-1.087	0.277	-1.228	0.068
Kabiye	2.887	0.458	12	1.275	0.202	0.053	0.958	-0.077	0.958
Tausug (Suluk)	2.318	0.330	18	0.751	0.453	-0.207	0.836	-0.509	0.466
Lyonnais (Francoprovencal)	2.334	0.370	16	0.850	0.395	-0.283	0.777	-0.482	0.568
Ika Igbo	2.516	0.479	14	1.277	0.202	-0.098	0.922	-0.289	0.797
Swedish	1.808	0.162	5	-0.243	0.808	-1.263	0.207	-1.510	0.025
Gitksan	2.017	0.203	8	0.805	0.421	-0.714	0.475	-0.991	0.189
Bulgarian	2.454	0.343	14	-0.217	0.828	-0.688	0.492	-0.866	0.207
Brunei Malay	2.646	0.475	16	1.942	0.052	-1.037	0.300	-0.116	0.924
Nuosu Yi	1.981	0.185	4	1.104	0.270	-0.778	0.436	-1.053	0.188
Kera	2.349	0.288	12	1.403	0.161	-0.188	0.851	0.896	0.051
Estonian	2.109	0.269	12	-0.402	0.688	-0.918	0.359	-1.121	0.113
Hausa	2.690	0.509	24	1.578	0.115	0.004	0.997	-0.231	0.834
Basaa	2.433	0.329	8	1.102	0.271	-0.250	0.803	-0.410	0.677
Turkish	2.635	0.409	14	-0.527	0.598	-0.785	0.433	-0.953	0.207
Lower Xumi	2.125	0.221	7	0.565	0.572	-0.818	0.413	-0.988	0.190
Makasar	2.454	0.420	18	1.737	0.082	-1.044	0.296	-0.155	0.884
Central Sama	2.299	0.411	26	0.110	0.913	-0.412	0.681	-0.596	0.388
Hanoi Vietnamese	1.917	0.162	5	0.798	0.425	-1.013	0.311	-1.240	0.096
Bukharan Tajik	2.889	0.570	23	1.128	0.259	-0.141	0.888	-0.316	0.766
Shipibo	1.734	0.136	9	0.565	0.572	-1.290	0.197	-1.596	0.033
British English recieved pronunciation	2.002	0.167	4	1.034	0.301	-0.899	0.369	-1.064	0.158
Dari Afghan Persian Informal	2.580	0.383	14	1.181	0.238	-0.085	0.932	-0.332	0.713
Jicarilla Apache	1.962	0.185	8	-0.244	0.807	-1.041	0.298	-1.337	0.039
Catalan	2.799	0.499	16	2.325	0.020	-0.980	0.327	-0.036	0.982
Igbo	2.184	0.316	10	0.595	0.552	-0.463	0.643	-0.671	0.389
Niuean	2.470	0.556	38	0.195	0.845	-0.170	0.865	-0.081	0.733
Zurich German	2.142	0.262	8	0.311	0.755	-0.744	0.457	-0.866	0.229
American English - Southern Michigan	2.779	0.493	15	1.240	0.215	-0.039	0.969	-0.208	0.850
Standard Malay (Brunei)	2.949	0.563	22	1.232	0.218	-0.030	0.976	-0.234	0.821
Malayalam Namboodiri dialect	2.878	0.542	16	1.587	0.113	-1.042	0.297	-0.119	0.919
Standard Chinese (Beijing)	1.979	0.182	6	1.968	0.049	-0.484	0.628	-0.844	0.357
Kalabari Ijo	3.390	0.663	30	1.610	0.107	-0.970	0.332	0.010	0.981
Hindi	2.603	0.359	11	1.386	0.166	-0.048	0.961	-0.267	0.805
Dutch dialect of Weert	2.992	0.753	27	0.991	0.321	-1.079	0.281	-0.102	0.921
Slovene	3.183	0.825	25	0.944	0.345	-1.076	0.282	-0.073	0.944
Russian	2.615	0.370	13	2.060	0.039	-0.068	0.946	-0.290	0.796
Breton of the Isle of Groix	2.245	0.244	6	0.619	0.536	-0.617	0.537	-0.844	0.247
Danish	2.222	0.255	7	1.216	0.224	-0.292	0.771	-0.562	0.494
French	2.894	0.571	14	1.528	0.126	-1.045	0.296	-0.011	0.996
Nepali	2.734	0.463	17	0.125	0.900	-0.565	0.572	-0.683	0.424
Shiwilu (Jebero)	4.449	1.304	96	0.408	0.683	-0.021	0.983	-0.113	0.898
Sandawe	2.518	0.380	11	0.483	0.629	-0.413	0.680	-0.551	0.474
Tashlhiyt Berber	2.051	0.229	5	1.010	0.312	-0.575	0.565	-0.835	0.299
Chikasaw	2.277	0.310	11	0.069	0.945	-0.729	0.466	-0.908	0.236
Salasaca Quichua	2.371	0.366	21	-0.137	0.891	-0.610	0.542	-0.782	0.261
Jamaican Creole	2.184	0.287	8	0.862	0.389	-0.414	0.679	-0.609	0.450
Keo	2.502	0.401	13	1.178	0.239	-0.150	0.881	-0.379	0.693
Shanghai Chinese	2.140	0.201	8	1.735	0.083	-0.299	0.765	-0.608	0.515
Liverpool English	2.526	0.370	10	1.315	0.189	-0.097	0.923	-0.310	0.772
Dutch Dialect of Maastricht	2.206	0.257	8	1.206	0.228	-0.297	0.767	-0.562	0.499
Taba	2.237	0.319	13	-0.032	0.974	-0.681	0.496	-0.878	0.232
Galician	2.294	0.323	11	-0.318	0.750	-0.786	0.432	-0.922	0.172
Upper Sorbian	2.467	0.328	10	0.897	0.370	-0.366	0.714	-0.545	0.522
Tamil	3.303	0.768	27	0.367	0.713	-0.211	0.833	-0.338	0.702
Upper Saxon (Chemnitz dialect)	1.928	0.186	5	0.556	0.579	-0.961	0.336	-1.214	0.113
Irish	2.292	0.258	7	1.961	0.050	-0.364	0.716	-0.365	0.747
Azerbaijani	1.917	0.180	5	-0.096	0.924	-1.145	0.252	-1.374	0.045
Castilian Spanish	2.199	0.320	12	-0.675	0.500	-0.954	0.340	-1.280	0.125
New Zealand English	2.088	0.202	5	1.551	0.121	-0.403	0.687	-0.722	0.401
Setswana South Africa	2.741	0.483	14	1.507	0.132	-0.325	0.745	-0.214	0.843
Upper Xumi	3.517	0.796	23	3.689	0.000	-0.938	0.348	0.000	1.000
Kedayan	2.046	0.254	9	0.619	0.536	-0.623	0.533	-0.867	0.267
Hakka Chinese	1.995	0.188	6	0.578	0.563	-0.948	0.343	-0.992	0.149
Mavea	2.172	0.325	16	-0.085	0.932	-0.583	0.560	-0.794	0.233
Standard Modern Greek	1.741	0.162	6	-0.711	0.477	-1.338	0.181	-1.999	0.016
Palula	2.501	0.387	12	0.381	0.703	-0.479	0.632	-0.611	0.434
Gayo	2.870	0.540	17	1.358	0.175	-0.384	0.701	-0.155	0.879
Cocos Malay	2.406	0.363	12	1.016	0.309	-0.405	0.685	0.545	0.363
Tamambo	2.566	0.418	14	-0.999	0.318	-1.009	0.313	-1.436	0.154
Czech spoken in Bohemia	2.541	0.374	12	0.743	0.457	-0.366	0.714	-0.540	0.529
Lizu	2.129	0.213	8	0.806	0.420	-0.700	0.484	-0.934	0.221
Brazilian Portuguese	3.481	0.785	19	1.204	0.229	-1.054	0.292	0.000	1.000
Central Arrernte	2.683	0.467	16	1.469	0.142	-1.041	0.298	-0.205	0.836
Australian English	2.045	0.194	5	1.113	0.266	-0.700	0.484	-0.948	0.243
Standard Georgian	1.691	0.128	3	-0.807	0.420	-1.768	0.077	-2.564	0.004
Ukrainian	2.115	0.223	9	0.088	0.930	-0.807	0.420	-1.058	0.112
Amarasi	3.248	0.795	21	-0.093	0.926	-0.304	0.761	-0.415	0.562
Standard Austrian German	4.856	1.574	40	0.828	0.408	-0.940	0.347	0.000	1.000
Mah Meri	2.858	0.515	21	1.672	0.095	-0.977	0.328	0.001	0.999
Friulian	3.406	0.851	33	0.335	0.738	-0.168	0.867	-0.272	0.751
European Portuguese	3.021	0.583	15	0.965	0.335	-0.077	0.938	-0.202	0.860
Cicipu	2.708	0.441	19	2.458	0.014	-1.030	0.303	-0.033	0.986
Istanbul Judeo-Spanish	2.183	0.296	13	-0.532	0.595	-0.817	0.414	-1.121	0.117
Luxembourgish	2.105	0.213	7	1.180	0.238	-0.537	0.591	-0.781	0.331
Chinese (Hong Kong Cantonese)	2.821	0.470	15	1.472	0.141	-0.977	0.329	-0.033	0.985
Mambay	3.647	0.734	37	2.363	0.018	-0.957	0.339	0.000	1.000
Assamese	2.172	0.276	12	-0.677	0.498	-1.034	0.301	-1.360	0.083
Mapudungun	2.830	0.507	17	0.765	0.444	-0.145	0.885	-0.334	0.693
Burmese	2.768	0.472	10	0.590	0.555	-0.298	0.766	-0.455	0.595
Sindhi	2.766	0.456	14	1.366	0.172	-0.041	0.968	-0.243	0.833
Ega	2.800	0.450	11	1.555	0.120	-1.032	0.302	-0.000	1.000
Belgian Standard Dutch	2.913	0.530	15	1.237	0.216	-1.041	0.298	-0.128	0.914
Shilluk	3.078	0.627	19	0.859	0.390	-0.095	0.924	-0.225	0.831
Amharic	2.685	0.508	23	0.929	0.353	-0.218	0.827	-0.382	0.702
Lusoga Lutenga	4.171	1.121	32	1.511	0.131	-0.956	0.339	0.000	1.000
Tilquiapan Zapotec	2.529	0.409	29	0.581	0.561	-0.318	0.751	-0.483	0.545
Temne	2.019	0.212	7	0.588	0.557	-0.743	0.457	-1.002	0.177
Dari Afghan Persian Formal	2.466	0.306	11	1.268	0.205	-0.154	0.878	-0.422	0.628
Basque (Western Low Navarrese dialect)	2.003	0.243	9	-0.646	0.518	-1.021	0.307	-1.451	0.068
Czech spoken in Moravia	2.553	0.377	12	0.803	0.422	-0.333	0.739	-0.515	0.552
Breton (Treger dialect)	2.280	0.320	11	0.415	0.678	-0.511	0.609	-0.706	0.347
Bemba	2.314	0.310	10	0.783	0.434	-0.407	0.684	-0.648	0.418
Pitjantjatjara	2.053	0.248	9	0.471	0.637	-0.685	0.494	-0.935	0.223
Bengali (Bangladeshi Standard)	2.239	0.284	9	0.354	0.723	-0.614	0.539	-0.795	0.270
Nuuchahnulth	2.810	0.427	8	0.664	0.507	-0.417	0.677	-0.598	0.505
Ibibio	2.251	0.313	12	-0.157	0.875	-0.809	0.419	-0.953	0.196
Hungarian	2.475	0.348	11	0.855	0.393	-0.313	0.755	-0.515	0.538
Northwest Sahaptin	2.833	0.529	19	-0.231	0.817	-0.516	0.606	-0.643	0.369
Goemai	2.851	0.617	17	1.598	0.110	-1.060	0.289	-0.020	0.992
Ersu	1.883	0.167	6	0.971	0.331	-0.891	0.373	-1.190	0.126
Nivacle	2.649	0.400	17	0.784	0.433	-0.329	0.742	-0.537	0.538
Southeastern Pashayi	2.229	0.275	8	0.129	0.898	-0.724	0.469	-0.874	0.201
Tena Quichua	2.241	0.332	14	0.657	0.511	-0.555	0.579	-0.732	0.399
Greek Thrace Xoraxane Romane	2.072	0.253	10	0.213	0.832	-0.746	0.455	-0.953	0.188
Dutch dialect of Hasselt	2.164	0.238	7	1.127	0.260	-0.368	0.713	-0.660	0.395
Thai	2.530	0.395	17	1.499	0.134	-0.057	0.955	-0.319	0.756
Murcian Spanish	1.712	0.137	4	-0.816	0.414	-1.847	0.065	-2.538	0.005
Khowar	1.993	0.199	6	0.121	0.903	-0.963	0.336	-1.226	0.084
Kunama	2.076	0.229	9	0.186	0.852	-0.848	0.397	-1.104	0.136
Nara	2.816	0.741	26	0.460	0.646	-0.176	0.861	-0.300	0.738
Tera	1.968	0.198	6	0.450	0.653	-0.922	0.356	-1.064	0.131
Italian	2.380	0.317	13	0.303	0.762	-0.506	0.613	-0.061	0.662
Isthmus (Juchitán) Zapotec	2.477	0.492	14	0.407	0.684	-0.325	0.745	-0.474	0.563
Tyneside English	2.161	0.247	7	0.928	0.353	-0.554	0.579	-0.768	0.346
Itunyoso Trique	2.139	0.233	9	0.363	0.717	-0.899	0.369	-1.107	0.162
Seri	3.353	0.890	56	1.347	0.178	-1.072	0.284	-0.015	0.992
Sumi (Sema)	4.139	1.186	34	1.736	0.083	-0.942	0.346	0.000	1.000
Hebrew	2.419	0.296	12	1.021	0.307	-0.578	0.563	-0.821	0.384
Dutch	2.210	0.252	8	0.818	0.414	-0.532	0.595	-0.732	0.342
Standard Yiddish	3.426	0.731	26	0.859	0.390	-0.058	0.954	-0.145	0.905
Korean	2.900	0.527	16	-0.082	0.935	-0.370	0.711	-0.542	0.410
Croatian	3.657	0.939	27	0.722	0.470	-0.009	0.993	-0.108	0.915
Telugu	2.571	0.393	13	0.475	0.635	-0.259	0.795	-0.504	0.469
Slovak	3.475	0.825	23	1.519	0.129	-1.059	0.289	0.000	1.000
Polish	3.371	0.684	18	1.217	0.224	-0.975	0.330	0.000	1.000
Chicahuaxtla Triqui	2.388	0.401	18	-0.206	0.837	-0.634	0.526	-0.719	0.310
Luanyjang Dinka	3.541	0.847	22	4.547	0.000	-1.014	0.311	0.000	1.000
Mono	2.238	0.300	8	1.899	0.058	-0.084	0.933	-0.398	0.710
Belgian Limburg dialect of Hamont	1.911	0.161	3	1.001	0.317	-0.808	0.419	-1.053	0.143
